#File: PM0055_01341_21_ACCEL_Cand_1.ar Src: ACCEL_Cand_1 Nsub: 1 Nch: 1 Npol: 1 Nbin: 256 RMS: 0.260601
0 3.65664
1 3.05247
2 0.932376
3 0.420418
4 0.51988
5 0.0616849
6 -0.0455846
7 -0.210356
8 0.517284
9 0.117995
10 -0.111408
11 0.00421781
12 0.23261
13 0.0791449
14 0.191408
15 -0.241894
16 0.201019
17 0.102724
18 0.294621
19 0.37229
20 0.524584
21 -0.0262741
22 0.26046
23 0.0892573
24 0.162447
25 -0.142787
26 0.0372293
27 0.157644
28 0.472253
29 0.216905
30 0.140828
31 0.102356
32 -0.0268554
33 0.551657
34 0.349324
35 0.415447
36 -0.0700213
37 -0.0398551
38 0.233503
39 -0.152864
40 0.0568503
41 0.102952
42 0.139494
43 -0.034863
44 0.500004
45 0.21824
46 0.0866448
47 0.553432
48 0.244525
49 0.700294
50 -0.0933064
51 -0.331454
52 0.369491
53 0.530997
54 -0.144737
55 -0.272136
56 0.0367963
57 0.0884203
58 0.577801
59 -0.158068
60 0.140923
61 0.133125
62 -0.405935
63 -0.190256
64 0.164112
65 0.2237
66 -0.0831101
67 -0.0189262
68 0.467264
69 0.162513
70 0.757458
71 -0.21108
72 -0.0195764
73 0.124015
74 0.59148
75 0.13211
76 0.0951126
77 0.298688
78 0.0303599
79 0.135989
80 0.0553015
81 0.107391
82 0.61927
83 -0.12511
84 -0.385258
85 -0.117355
86 -0.410696
87 -0.121182
88 0.00750367
89 0.00023873
90 0.0778203
91 0.0870283
92 0.0644902
93 0.0941383
94 0.127038
95 0.0845138
96 0.135211
97 -0.0340266
98 -0.0155177
99 0.247522
100 -0.278074
101 0.239556
102 -0.511587
103 -0.198867
104 0.181881
105 -0.156517
106 0.464343
107 0.052489
108 0.293095
109 0.0690218
110 0.0363386
111 0.254324
112 0.143667
113 0.093634
114 -0.235762
115 0.158603
116 0.300797
117 0.173969
118 0.322652
119 -0.174282
120 0.457145
121 0.309842
122 0.0305588
123 -0.0108628
124 -0.0536447
125 -0.155271
126 0.447578
127 -0.322572
128 0.0868897
129 0.120794
130 0.299464
131 0.141696
132 0.149439
133 -0.00770034
134 -0.0748406
135 -0.0390718
136 0.25068
137 -0.475279
138 0.272546
139 0.290575
140 -0.0795851
141 -0.245227
142 0.4854
143 -0.281257
144 0.0303064
145 -0.282481
146 -0.471403
147 -0.31155
148 0.341475
149 -0.170447
150 0.0823971
151 0.116676
152 -0.584654
153 -0.056327
154 0.0670734
155 -0.154981
156 -0.17371
157 -0.0640996
158 0.384615
159 -0.207307
160 0.162455
161 0.0564505
162 0.257571
163 0.14799
164 0.167049
165 0.150271
166 0.0612552
167 0.0684642
168 -0.35328
169 0.058375
170 0.194662
171 -0.164321
172 0.195188
173 0.176227
174 -0.0126222
175 0.456197
176 0.0515226
177 0.0871291
178 0.125152
179 0.51176
180 -0.252359
181 0.285634
182 0.387521
183 0.506855
184 1.05839
185 -0.271772
186 0.445041
187 -0.153047
188 0.747021
189 0.368526
190 0.927725
191 -0.389522
192 0.416951
193 0.420289
194 0.0399653
195 0.211291
196 -0.0150647
197 0.213197
198 0.019861
199 -0.54129
200 -0.265277
201 0.059127
202 0.281269
203 0.204873
204 -0.491537
205 0.097014
206 0.354698
207 -0.255952
208 -0.138174
209 -0.450334
210 0.272063
211 0.311129
212 -0.13711
213 -0.0994752
214 0.297884
215 0.398753
216 0.351398
217 -0.0903792
218 0.39073
219 0.505524
220 -0.192011
221 0.268182
222 0.158124
223 0.328257
224 0.0496508
225 0.209799
226 0.0311026
227 0.202242
228 0.407549
229 -0.0360474
230 0.410952
231 0.0633741
232 -0.753156
233 -0.117019
234 0.483456
235 0.720175
236 0.239348
237 -0.0482369
238 0.331627
239 -0.029729
240 0.781004
241 -0.0892063
242 0.133265
243 0.517885
244 0.647597
245 0.168897
246 -0.337641
247 0.669898
248 -0.131485
249 0.370464
250 0.0277917
251 0.769643
252 0.966533
253 2.03192
254 2.78317
255 3.70284
